0.956
0.946
0.951
0.957
0.967
0.918
0.966
0.922
0.946
0.935
0.905
0.936
0.876
0.957
0.971
0.870
0.979
0.824
0.781
0.896
0.872
0.911
0.834
0.915
0.933
0.876
0.947
0.944
0.960
0.922
0.766
0.856
0.925
0.888
0.878
0.771
0.846
0.864
0.853
0.889
0.977
0.931
0.886
0.894
0.960
0.911
0.881
0.900
0.933
0.940
0.872
0.872
0.833
0.826
0.937
0.924
0.914
0.872
0.972
0.967
0.891
0.883
0.938
0.938
0.910
0.958
0.900
0.916
0.875
0.877
0.772
0.906
0.881
0.934
0.803
0.959
0.954
0.950
0.905
0.800
0.890
0.913
0.576
0.802
0.788
0.883
0.871
0.955
0.781
0.918
0.919
0.785
0.803
0.887
0.950
0.962
0.902
0.956
0.889
0.902
0.890
0.947
0.891
0.871
0.847
0.876
0.856
0.929
0.711
0.954
0.932
0.954
0.974
0.985
0.927
0.959
0.944
0.945
0.836
0.920
0.964
0.928
0.846
0.857
0.922
0.820
0.847
0.903
0.918
0.839
0.928
0.915
0.952
0.941
0.941
0.935
0.937
0.931
0.946
0.477
0.869
0.952
0.577
0.304
0.783
0.922
0.804
0.874
0.825
0.647
0.742
0.840
0.845
0.876
0.933
0.923
0.915
0.895
0.856
0.923
0.928
0.783
0.919
0.925
0.957
0.943
0.937
0.968
0.171
0.973
0.963
0.958
0.905
0.788
0.919
0.629
0.652
0.889
0.880
0.601
0.728
0.611
0.841
0.662
0.702
0.742
0.833
0.888
0.953
0.926
0.780
0.914
0.903
0.784
0.953
0.784
0.961
0.702
0.818
0.656
0.926
0.882
0.915
0.839
0.875
0.915
0.917
0.968
0.937
0.933
0.912
0.912
0.835
0.877
0.879
0.899
0.895
0.895
0.810
0.876
0.869
0.910
0.843
0.772
0.769
0.771
0.941
0.938
0.906
0.855
0.884
0.931
0.912
0.905
0.915
0.879
0.875
0.904
0.743
0.846
0.923
0.948
0.900
0.898
0.850
0.829
0.929
0.911
0.904
0.791
0.918
0.806
0.675
0.960
0.920
0.857
0.767
0.878
0.835
0.920
0.783
0.625
0.849
0.926
0.638
0.941
0.848
0.569
0.799
0.706
0.484
0.761
0.886
0.877
0.881
0.831
0.796
0.777
0.804
0.660
0.874
0.944
0.770
0.749
0.831
0.815
0.603
0.838
0.784
0.833
0.245
0.877
0.769
0.877
0.713
0.746
0.879
0.800
0.464
0.305